---bc---
1 0.934560327198 0.909523809524
2 0.934560327198 0.909523809524
3 0.950920245399 0.938095238095
4 0.959100204499 0.933333333333
5 0.969325153374 0.942857142857
6 0.967280163599 0.952380952381
7 0.977505112474 0.952380952381
8 0.977505112474 0.952380952381
9 0.971370143149 0.947619047619
10 0.969325153374 0.947619047619
11 0.971370143149 0.947619047619
12 0.969325153374 0.947619047619
13 0.971370143149 0.942857142857
14 0.975460122699 0.942857142857
15 0.977505112474 0.947619047619
16 0.9836400818 0.942857142857
17 0.9836400818 0.933333333333
18 0.9836400818 0.947619047619
19 0.98773006135 0.942857142857
20 0.9918200409 0.942857142857
21 0.98773006135 0.942857142857
22 0.989775051125 0.938095238095
23 0.9918200409 0.938095238095
24 0.9918200409 0.942857142857
25 0.99591002045 0.938095238095
26 0.993865030675 0.938095238095
27 0.99591002045 0.942857142857
28 0.9918200409 0.942857142857
29 0.99591002045 0.938095238095
30 0.993865030675 0.938095238095
31 0.99591002045 0.942857142857
32 0.997955010225 0.942857142857
33 0.997955010225 0.938095238095
34 0.997955010225 0.942857142857
35 0.997955010225 0.938095238095
36 1.0 0.938095238095
37 1.0 0.938095238095
38 1.0 0.938095238095
39 1.0 0.938095238095
40 1.0 0.938095238095
41 1.0 0.938095238095
42 0.997955010225 0.938095238095
43 1.0 0.938095238095
44 1.0 0.938095238095
45 1.0 0.938095238095
46 1.0 0.938095238095
47 1.0 0.938095238095
48 1.0 0.938095238095
49 1.0 0.938095238095
50 1.0 0.938095238095
51 1.0 0.938095238095
52 1.0 0.933333333333
53 1.0 0.938095238095
54 1.0 0.942857142857
55 1.0 0.942857142857
56 1.0 0.942857142857
57 1.0 0.942857142857
58 1.0 0.942857142857
59 1.0 0.938095238095
60 1.0 0.938095238095
61 1.0 0.942857142857
62 1.0 0.938095238095
63 1.0 0.938095238095
64 1.0 0.942857142857
65 1.0 0.942857142857
66 1.0 0.942857142857
67 1.0 0.938095238095
68 1.0 0.938095238095
69 1.0 0.938095238095
70 1.0 0.938095238095
71 1.0 0.938095238095
72 1.0 0.938095238095
73 1.0 0.938095238095
74 1.0 0.942857142857
75 1.0 0.938095238095
76 1.0 0.942857142857
77 1.0 0.938095238095
78 1.0 0.947619047619
79 1.0 0.938095238095
80 1.0 0.938095238095
81 1.0 0.938095238095
82 1.0 0.947619047619
83 1.0 0.947619047619
84 1.0 0.947619047619
85 1.0 0.947619047619
86 1.0 0.942857142857
87 1.0 0.942857142857
88 1.0 0.942857142857
89 1.0 0.942857142857
90 1.0 0.942857142857
91 1.0 0.947619047619
92 1.0 0.942857142857
93 1.0 0.947619047619
94 1.0 0.947619047619
95 1.0 0.947619047619
96 1.0 0.942857142857
97 1.0 0.942857142857
98 1.0 0.942857142857
99 1.0 0.942857142857
100 1.0 0.942857142857
---v---
1 0.934560327198 0.909523809524
2 0.934560327198 0.909523809524
3 0.950920245399 0.938095238095
4 0.959100204499 0.933333333333
5 0.969325153374 0.942857142857
6 0.967280163599 0.952380952381
7 0.977505112474 0.952380952381
8 0.977505112474 0.952380952381
9 0.971370143149 0.947619047619
10 0.969325153374 0.947619047619
11 0.971370143149 0.947619047619
12 0.969325153374 0.947619047619
13 0.971370143149 0.942857142857
14 0.975460122699 0.942857142857
15 0.977505112474 0.947619047619
16 0.9836400818 0.942857142857
17 0.9836400818 0.933333333333
18 0.9836400818 0.947619047619
19 0.98773006135 0.942857142857
20 0.9918200409 0.942857142857
21 0.98773006135 0.942857142857
22 0.989775051125 0.938095238095
23 0.9918200409 0.938095238095
24 0.9918200409 0.942857142857
25 0.99591002045 0.938095238095
26 0.993865030675 0.938095238095
27 0.99591002045 0.942857142857
28 0.9918200409 0.942857142857
29 0.99591002045 0.938095238095
30 0.993865030675 0.938095238095
31 0.99591002045 0.942857142857
32 0.997955010225 0.942857142857
33 0.997955010225 0.938095238095
34 0.997955010225 0.942857142857
35 0.997955010225 0.938095238095
36 1.0 0.938095238095
37 1.0 0.938095238095
38 1.0 0.938095238095
39 1.0 0.938095238095
40 1.0 0.938095238095
41 1.0 0.938095238095
42 0.997955010225 0.938095238095
43 1.0 0.938095238095
44 1.0 0.938095238095
45 1.0 0.938095238095
46 1.0 0.938095238095
47 1.0 0.938095238095
48 1.0 0.938095238095
49 1.0 0.938095238095
50 1.0 0.938095238095
51 1.0 0.938095238095
52 1.0 0.933333333333
53 1.0 0.938095238095
54 1.0 0.942857142857
55 1.0 0.942857142857
56 1.0 0.942857142857
57 1.0 0.942857142857
58 1.0 0.942857142857
59 1.0 0.938095238095
60 1.0 0.938095238095
61 1.0 0.942857142857
62 1.0 0.938095238095
63 1.0 0.938095238095
64 1.0 0.942857142857
65 1.0 0.942857142857
66 1.0 0.942857142857
67 1.0 0.938095238095
68 1.0 0.938095238095
69 1.0 0.938095238095
70 1.0 0.938095238095
71 1.0 0.938095238095
72 1.0 0.938095238095
73 1.0 0.938095238095
74 1.0 0.942857142857
75 1.0 0.938095238095
76 1.0 0.942857142857
77 1.0 0.938095238095
78 1.0 0.947619047619
79 1.0 0.938095238095
80 1.0 0.938095238095
81 1.0 0.938095238095
82 1.0 0.947619047619
83 1.0 0.947619047619
84 1.0 0.947619047619
85 1.0 0.947619047619
86 1.0 0.942857142857
87 1.0 0.942857142857
88 1.0 0.942857142857
89 1.0 0.942857142857
90 1.0 0.942857142857
91 1.0 0.947619047619
92 1.0 0.942857142857
93 1.0 0.947619047619
94 1.0 0.947619047619
95 1.0 0.947619047619
96 1.0 0.942857142857
97 1.0 0.942857142857
98 1.0 0.942857142857
99 1.0 0.942857142857
100 1.0 0.942857142857
