---breast-cancer-wisconsin---
Best parameters:  {'n_iter': 7750}
500 0.967095851216
750 0.958512160229
1000 0.969957081545
1250 0.964234620887
1500 0.964234620887
1750 0.97138769671
2000 0.954220314735
2250 0.949928469242
2500 0.961373390558
2750 0.961373390558
3000 0.959942775393
3250 0.961373390558
3500 0.957081545064
3750 0.962804005722
4000 0.965665236052
4250 0.962804005722
4500 0.967095851216
4750 0.954220314735
5000 0.962804005722
5250 0.97138769671
5500 0.968526466381
5750 0.964234620887
6000 0.959942775393
6250 0.967095851216
6500 0.958512160229
6750 0.957081545064
7000 0.969957081545
7250 0.9556509299
7500 0.968526466381
7750 0.974248927039
8000 0.948497854077
8250 0.965665236052
8500 0.97138769671
8750 0.965665236052
9000 0.969957081545
9250 0.969957081545
9500 0.961373390558
9750 0.965665236052
10000 0.959942775393
10250 0.961373390558
10500 0.954220314735
10750 0.954220314735
11000 0.965665236052
11250 0.948497854077
11500 0.959942775393
11750 0.962804005722
12000 0.962804005722
12250 0.962804005722
12500 0.965665236052
12750 0.959942775393
13000 0.968526466381
13250 0.961373390558
13500 0.964234620887
13750 0.958512160229
14000 0.951359084406
14250 0.964234620887
14500 0.9556509299
14750 0.967095851216
15000 0.959942775393
15250 0.964234620887
15500 0.965665236052
15750 0.967095851216
16000 0.965665236052
16250 0.962804005722
16500 0.967095851216
16750 0.958512160229
17000 0.954220314735
17250 0.962804005722
17500 0.958512160229
17750 0.968526466381
18000 0.967095851216
18250 0.959942775393
18500 0.961373390558
18750 0.97138769671
19000 0.952789699571
19250 0.97138769671
19500 0.964234620887
19750 0.965665236052
20000 0.959942775393
