knn_k_neighbors
---bc---
1 0.955017006803 0.952380952381
2 0.955017006803 0.952380952381
3 0.971343537415 0.966666666667
9 0.971301020408 0.952380952381
7 0.971301020408 0.952380952381
6 0.967219387755 0.961904761905
4 0.965221088435 0.966666666667
5 0.967219387755 0.961904761905
10 0.971301020408 0.952380952381
8 0.971301020408 0.952380952381
---v---
2 0.932727272727 1.0
4 0.883181818182 1.0
6 0.835909090909 1.0
3 0.897727272727 1.0
7 0.807272727273 1.0
5 0.854545454545 1.0
9 0.805 1.0
1 0.932727272727 1.0
10 0.803636363636 1.0
8 0.813181818182 1.0
