1 0.191363636364 0.127705627706
5 0.324545454545 0.424242424242
10 0.450454545455 0.406926406926
50 0.569545454545 0.463203463203
100 0.649090909091 0.512987012987
150 0.682272727273 0.534632034632
200 0.721818181818 0.528138528139
250 0.739545454545 0.541125541126
500 0.823181818182 0.5670995671
750 0.835454545455 0.54329004329
1000 0.848181818182 0.558441558442
1250 0.832272727273 0.562770562771
1500 0.835909090909 0.58658008658
2250 0.848181818182 0.545454545455
1750 0.838181818182 0.551948051948
2500 0.846818181818 0.554112554113
2000 0.851818181818 0.573593073593
3000 0.847727272727 0.54329004329
